Location	2022 Volume	2023 Volume	2024 Volume	2022 Revenue	2023 Revenue	2024 Revenue	2022 Profit	2023 Profit	2024 Profit	Average Profit
A Coruna	174800	287200	299800	36322.15	68478.62	76386.58	0.20779262	0.238435306	0.254791795	0.23367324
Aalborg	568405	404823	480288	432763.085	302852.76	315401.265	0.761363966	0.748111545	0.656691954	0.722055821
Aarhus	774407	485704	352875	587405.145	340753.975	307602.95	0.758522515	0.701567158	0.871705136	0.777264936
Aberdeen	2151800	2649000	2643400	502842.58	632265.28	678719.66	0.233684627	0.23868074	0.256760104	0.243041824
Abidjan	4729400	5898600	5611200	399735	626429971.5	598908776.6	0.084521292	106.1997714	106.7345268	71.00627315
Abu Dhabi	90565637	90735810	62708200	7014477.09	10783515.52	32695291.46	0.077451861	0.1188452	0.521387816	0.239228292
Abuja	406000	439800	473000	33489	64489.86	62518.72	0.082485222	0.146634516	0.132174884	0.12043154
Acapulco	83400	65400	0	12587.71	11176	0	0.150931775	0.17088685		0.160909312
Accra	2439200	2967200	3641800	153007.5	416376.14	508248.1	0.062728559	0.140326281	0.139559586	0.114204808
Adana Airport	589000	1787600	890000	83323.62	244953.0067	122497.36	0.141466248	0.137028981	0.137637483	0.138710904
Addis Ababa	67172122	108309129	50915155	2860173.833	4163911.69	4041545.967	0.042579775	0.038444697	0.079378055	0.053467509
Adelaide	0	0	19384	0	0	8611			0.444232357	0.444232357
Agadir	53897232	58895203	76846376	6154887.636	8396697.263	11128684.4	0.11419673	0.142570139	0.144817296	0.133861388
Aktau	139400	18800	0	16625	2090	0	0.119261119	0.111170213		0.115215666
Aktio	1285800	1459125	1442600	217784.63	282863.9102	285902.59	0.169376754	0.193858587	0.19818563	0.187140323
Al Hoceima	50136	85736	97815	6559.948808	11163.7854	12587.37927	0.130843083	0.130211176	0.128685572	0.129913277
Alesund	1780712	0	0	2372397.775	0	0	1.332274829			1.332274829
Alexandoupolis	2793800	3539589	4023400	465785.23	684878.213	811019.25	0.166721036	0.193490886	0.201575595	0.187262506
Alexandria	8058053	6427667	4582376	915998.9607	716568.1635	478155.375	0.113674973	0.111481843	0.104346604	0.109834474
Alicante	46714600	59676200	60877600	9089405.75	14692732.24	17966091.12	0.194573126	0.246207571	0.295118256	0.245299651
Almaty	1634760	3608484	2912099	175410	355047.819	236169.564	0.107300154	0.098392516	0.081099428	0.095597366
Almeria	1508600	1537000	1307400	302755.25	379435.24	384195.35	0.200686232	0.24686743	0.293862131	0.247138598
Amman	228070600	224905000	207425400	32334547.51	33942010.4	31908959.73	0.141774291	0.1509171	0.153833425	0.148841605
Amritsar	127388	206262	733747	516009.1925	15815.2775	53668.8225	4.050689174	0.076675672	0.073143498	1.400169448
Amsterdam - Schiphol	24943159	31067106	27233090	5007173.25	5350792.4	4518242.7	0.200743348	0.172233371	0.165910027	0.179628915
Ankara Airport	15501600	16484200	17212000	2498924.22	2839495.323	3067841.6	0.161204277	0.172255573	0.178238531	0.170566127
Anna	127388	206262	733747	516009.1925	15815.2775	53668.8225	4.050689174	0.076675672	0.073143498	1.400169448
Antalya Airport	255167200	249963800	241598600	41689678.83	45009733.8	49071770.64	0.163381809	0.180065009	0.20311281	0.182186543
Antalya Gazipasa Airport	2375400	2733600	4845000	520357.5667	644175.61	1291209.39	0.219061028	0.235651013	0.266503486	0.240405176
Antigua	0	559950	549223	0	74134.38	64737.365		0.132394642	0.117870819	0.125132731
Aomori	0	0	117050	0	0	462190			3.948654421	3.948654421
Aqaba	1193200	1833800	625800	179378.38	279509.32	99426.87	0.150333875	0.152420831	0.158879626	0.153878111
Astana	1096800	1590800	1748200	132353.13	219368.44	242764.68	0.120672073	0.13789819	0.138865507	0.13247859
Astrakhan	695600	1325600	231800	35074.5	65579.44	20376.5	0.050423376	0.049471515	0.087905522	0.062600137
Asturias	152000	299400	254200	32228.05	71162.58	63972.05	0.212026645	0.237683968	0.251660307	0.233790307
Asuncion Silvio Petterossi	1148406	0	695994	86471.39	0	83189.25	0.075296881		0.119525815	0.097411348
Aswan	2993312	5394991	2488168	311101.495	618000.0519	278150.625	0.103932198	0.11455071	0.111789327	0.110090745
Asyut	0	0	1035593	0	0	148338.3635			0.143240021	0.143240021
Athens	22063055	27651383	28008087	3378731.72	4539864.7	4804763.381	0.153139795	0.164182193	0.171549145	0.162957044
Auckland	1255142	358024	1111083	205875	58725	172365	0.164025266	0.164025317	0.155132425	0.161061002
Baghdad	61934615	40816542	42901966	5221700	3391677.5	3612310	0.084309881	0.08309566	0.084199172	0.083868237
Baku	18301801	13141107	17409737	2280782.21	1612415.82	2154179.05	0.124620643	0.122700152	0.123734152	0.123684982
Bamako	725600	4500630	5755941	74239.5	562413.5	751761	0.102314636	0.124963283	0.130606099	0.119294673
Bandaranaike	4249649	1410730	2239328	158705.1258	69361.58817	231015	0.037345467	0.04916716	0.103162645	0.063225091
Bangalore	5459800	7956200	10593800	36351555.5	95032812.36	144176437.9	6.658037932	11.94449767	13.60951103	10.73734888
Bangui	120000	0	300000	15000	0	0	0.125		0	0.0625
Banja Luka	0	0	1598840	0	0	194895.6			0.121898126	0.121898126
Banjul	917800	1853600	2804000	1928207.5	11263630.03	16910816.8	2.100901613	6.076623883	6.030961769	4.736162422
Barcelona	25958400	30170800	28858800	5389060.35	7249496.85	7839858.36	0.207603718	0.24028189	0.27166266	0.239849423
Bari	501868	830622	1201787	103121.8	129313.4	187330.61	0.205475942	0.155682609	0.155876715	0.172345089
Bariloche	0	27000	25200	0	3105	2898		0.115	0.115	0.115
Basel	29241600	29486600	30124600	6980457.8	7989764.67	7584748.84	0.238716684	0.270962562	0.251779238	0.253819495
Basrah	14459785	11306520	11595465	1215550	938715	976650	0.084064182	0.08302422	0.084226894	0.083771765
Basseterre (Saint Kitts)	809970	138400	207000	86928.95042	23883.1	38478.04	0.107323667	0.172565751	0.185884251	0.15525789
Batumi	5451488	4544467	6670363	581854.6	414915	655354.6	0.106733171	0.091301136	0.098248716	0.098761008
Beauvais	1222200	1450800	1271000	342496	462214.32	429274.8	0.280229095	0.318592721	0.337745712	0.312189176
Beijing	20883612	191089362	339012605	21291564.22	192425307.9	343991975.3	1.019534562	1.00699121	1.014687862	1.013737878
Beira	448237	0	0	43250	0	0	0.096489134			0.096489134
Beirut - Rafik Hariri	157868273	169530006	137338503	9628861.85	9617616.38	7134073.93	0.060993014	0.056731057	0.051945185	0.056556419
Belgorod	33800	0	0	896.4	0	0	0.02652071			0.02652071
Belgrade	57249600	71206400	56578800	5139419.13	7196810.2	6995711.62	0.08977214	0.10106971	0.123645458	0.104829103
Belize City	1771052	1685063	1969393	179058.845	170695.815	198630.38	0.101103099	0.101299367	0.100858681	0.101087049
Belo Horizonte	399600	440400	411600	48315.99	60723.36	59003.9	0.120910886	0.137882289	0.143352527	0.134048567
Bergamo	3711800	5844000	5733600	779065.83	1284003.57	1281635.44	0.209888957	0.219713137	0.223530668	0.217710921
Bergen	5357774	5719375	5383472	11345304.69	9202564.44	8449427	2.117540734	1.609015747	1.569512575	1.765356352
Berlin Brandenburg	11447658	11069829	11287378	2166280.34	1540878.02	1445701.3	0.189233496	0.13919619	0.128081234	0.152170306
Bilbao	1252600	1554400	1655600	261160.85	372303.65	431955.34	0.20849501	0.239515987	0.260905617	0.236305538
Billund	5396359	5734801	4311011	4074413.475	4303529.493	3961105.593	0.7550301	0.750423509	0.91883449	0.808096033
Birmingham	15649200	21730000	23583800	3781462.9	5393038.87	6164616.65	0.241639375	0.248184025	0.261392	0.250405133
Bodrum Airport	24784000	22595800	23326200	4521179.64	4275002.43	4432734.39	0.182423323	0.18919456	0.190032427	0.18721677
Bogota	15074800	18664300	18122434	1875238.24	1726855766	2015431168	0.124395563	92.52186076	111.2119469	67.9527344
Bologna	1566161	2363335	2566206	349868.4	393169.3	394356.51	0.223392359	0.166362069	0.153672975	0.181142467
Bordeaux	2485000	2771800	2185600	695641.9	917825.5	758284.9	0.279936378	0.331129771	0.346945873	0.319337341
Bourgas	7133237	7722456	7739200	593264.66	1768887.68	1609377.56	0.083169066	0.229057657	0.207951411	0.173392711
Bournemouth	814400	1014600	1017800	203313	262196.75	286500.3	0.249647593	0.258423763	0.281489782	0.263187046
Brasilia	236200	259800	255800	28815.49	35366	36299.54	0.121996147	0.136127791	0.141905942	0.133343293
Bremen	633800	798860	664000	133716.19	163057.51	143250.75	0.210975371	0.204112748	0.215739081	0.210275733
Bridgetown	5407674	4979075	4375798	622240.395	573239.47	503019.96	0.115066181	0.115129712	0.114955023	0.115050305
Brisbane	559342	948877	1022624	139794	243612	245854.565	0.249925806	0.256737175	0.240415407	0.249026129
Bristol	8459200	12773400	14484400	2030704	3099817.32	3677265.97	0.240058634	0.242677542	0.253877687	0.245537955
Brno	1251420	3920139	3097570	3516000	10006000	9619950	2.809608285	2.552460512	3.105644102	2.822570966
Brussels	13786600	14764800	12485800	3330935	3655323.4	3297704.3	0.241606705	0.247570126	0.26411638	0.251097737
Budapest	1345600	0	0	24672004.5	0	0	18.33531845			18.33531845
Buenos Aires - Ezeiza	18991800	20894800	15517800	1854292.43	2413661.58	1857632	0.097636476	0.115514941	0.119709753	0.110953723
Buenos Aires Aeroparque	3310200	3155400	2117400	325817.52	368105.92	255838	0.098428349	0.116659035	0.120826485	0.11197129
Bujumbura	195200	181600	201200	11302	10633	11897	0.05789959	0.058551762	0.059130219	0.05852719
Busan - Kimhae	22653200	104726900	119507800	3406978.23	15802110.16	18105984.09	0.150397217	0.150888742	0.151504622	0.150930194
Bydgoszcz	5669971	9065365	8843919	3221188	4968863	4757215.6	0.568113664	0.548115051	0.537908093	0.551378936
Cairns	0	48817	19384	0	9380	8611		0.192146179	0.444232357	0.318189268
Cairo	157337048	171100154	161875927	17091386.56	18657039.06	17700785.12	0.108629129	0.109041626	0.109347853	0.109006203
Cali	3144033	3323469	3597190	301980.971	344590.1526	347694.0558	0.096048919	0.103683877	0.096657128	0.098796642
Cam Ranh	2905000	17126600	17968200	83158	393520	360026	0.028625818	0.022977123	0.020036843	0.023879928
Cancun	61889800	66266000	57125600	11244597.08	12866051.66	11433624.87	0.181687404	0.194157662	0.20014888	0.191997982
Cape Town	6675600	9746000	10558000	9507548.17	20174460.99	12647585	1.424223766	2.070024727	1.197914851	1.564054448
Cardiff	1549400	1934600	2227800	367756	464887.16	568505.29	0.237353814	0.240301437	0.255186861	0.244280704
Casablanca	72583715	92154566	91277380	10786860.77	13136203.3	13136908.21	0.148612685	0.142545333	0.143922933	0.145026984
Cayenne	4286000	4614000	4859600	1013816.51	1145128.86	1239086.34	0.236541416	0.248185709	0.254977023	0.246568049
Chambery	122200	208200	280800	37057	65755.1	89776.2	0.303248773	0.315826609	0.319715812	0.312930398
Changchun Longjia	292365	3428857	1142290	273994.3829	3244202.701	1077042.65	0.937165471	0.946146982	0.942880223	0.942064225
Changsha Huanghua	113919	4432200	8229078	108838.92	4204374.07	7829334.33	0.955406209	0.948597552	0.951423031	0.951808931
Changzhou Benniu	0	2740731	0	0	2632286.84	0		0.960432396		0.960432396
Chania	4241000	4050648	5192400	700727.06	780668.4351	996124.97	0.165226847	0.192726802	0.19184288	0.18326551
Charleroi	2018000	2089400	1680800	465550.5	494577.1	433000.8	0.230698959	0.236707715	0.257615897	0.241674191
Chattrapati Shivaji	31416223	24380317	29239566	202987250.8	139480014.6	260430915.5	6.461223898	5.721009067	8.906798259	7.029677075
Chengdu Tianfu	0	13713446	25807040	0	13045086.41	24546600.22		0.951262462	0.951159072	0.951210767
Cheongju	0	12367800	16288700	0	1862541.41	2519965.47		0.150596016	0.154706359	0.152651188
Chisinau	66168600	0	0	6348117	0	0	0.095938512			0.095938512
Chitose	833797	12782300	20304132	2724570	36837670	63022840	3.267665871	2.881928135	3.103941602	3.084511869
Chongqing Jiangbei	418161	7629465	8225230	398630.1944	7231433.385	7675532.46	0.953293574	0.947829682	0.933169341	0.944764199
Christchurch	0	0	897092	0	0	137265			0.153011062	0.153011062
Chubu	8448620	42289160	86976520	161198460.2	852071850.5	1785808346	19.07985686	20.14870597	20.53207402	19.92021228
Ciampino Airport	3140800	4417000	4502200	659439.42	977084	1045587.33	0.209959061	0.221209871	0.232239201	0.221136044
Cochin	3936058	3207832	3936953	29083161.21	323071.105	292557.6575	7.388905655	0.100713225	0.074310681	2.521309853
Cologne	0	1886800	4380184	0	516534.37	1196219.893		0.273762121	0.273098092	0.273430106
Colombo	21950160	26532224	31263031	1478074.194	2946711.424	3483675.186	0.067337741	0.111061607	0.11143114	0.096610163
Conakry	1591569	1006670	0	82250	65532.5	0	0.051678564	0.065098294		0.058388429
Coolangatta	3600	16108	0	2412	6432	0	0.67	0.399304693		0.534652347
Copenhagen	14551831	14807738	12904384	20249707	14574436	12720671	1.391557324	0.984244589	0.98576352	1.120521811
Cordoba	443000	654000	479000	44293.5	77359.04	58219	0.099985327	0.118285994	0.121542797	0.113271373
Corfu	8504400	9658216	11501600	1425942.25	1788313.658	2217255.45	0.167671117	0.185159833	0.192778	0.18186965
Cork	4011400	6616000	5392000	480503	1380846.77	1181580.97	0.119784365	0.208713236	0.219135937	0.182544512
Cozumel	830200	861200	704400	153232.62	171730.95	148354.94	0.184573139	0.199408906	0.210611783	0.198197943
Cukurova Airport	0	0	1244600	0	0	239248.92			0.192229568	0.192229568
Curacao	13977497	11458941	12104923	2077440.45	1790924.075	1937668.925	0.148627501	0.15629054	0.160072801	0.154996947
DAMMAM	20363800	39836400	48804400	0	15641313	21314104.66	0	0.392638717	0.436725063	0.276454593
Daegu	6401600	23292200	23040200	966326	3540758.55	3509576.65	0.1509507	0.152014775	0.152324053	0.151763176
Dalaman Airport	66273800	67947537	61191307	11744036.89	10701745.73	2839932.113	0.177204821	0.157500127	0.046410712	0.127038553
Dalian Zhoushuizi	0	858660	3429720	0	803822.65	3222615.85		0.936136131	0.939614852	0.937875491
Danang	18049800	30194600	17660400	385354	568717	365122	0.021349489	0.018835057	0.020674617	0.020286387
Dar Es Salaam	2108200	2235400	2140699	128915	598638928.3	713327500.7	0.061149322	267.7994669	333.2217657	200.360794
Denizli Cardak Airport	104400	101400	63200	7351.99	7289.04	4988.28	0.07042136	0.071884024	0.078928481	0.073744622
Diyarbakir Airport	1309800	1224600	1625800	111968.08	105231.32	137387.24	0.085484868	0.085931178	0.084504392	0.085306812
Djibouti	582400	779200	189933	74186.4	97517.04	23288.32758	0.127380495	0.125150205	0.122613382	0.125048027
Dnipropetrovsk	4542	0	0	140	0	0	0.030823426			0.030823426
Doha	241161789	300028648	293593960	21530894.77	29209212.06	28867930.76	0.089279877	0.097354743	0.098326038	0.094986886
Doncaster	1988000	0	0	441494	0	0	0.222079477			0.222079477
Dortmund	286241	494076	490247	63223.9	104962.5	105985.8	0.220876464	0.212442013	0.216188574	0.216502351
Douala	574200	629560	649220	71852	83032	84062	0.1251341	0.131888938	0.129481532	0.128834857
Dresden	0	880000	450000	0	248862.5	126925.5		0.282798295	0.282056667	0.282427481
Dubai	602571200	670030800	638021400	78851075.63	92446389.75	96555055.8	0.130857691	0.137973344	0.151335137	0.14005539
Dublin	36477200	57703400	59757024	4103430	11911846.53	11598128.47	0.112493009	0.206432316	0.19408812	0.171004482
Dubrovnik	717400	1091602	2005344	100436	149072	252448	0.14	0.136562593	0.125887628	0.134150074
Duesseldorf	9342000	9937654	10237095	2445824.94	1619339.93	1503842.7	0.261809563	0.162949921	0.146901313	0.190553599
Durban	596000	804400	827400	437348.78	716313.45	587851	0.733806678	0.890494095	0.710479816	0.778260196
Dushanbe	63910	0	0	2749.67	0	0	0.043024096			0.043024096
East Midlands	5234600	8629800	9980800	1230136	2032834.18	2474869.01	0.235000955	0.235559825	0.24796299	0.239507923
Edinburgh	9599800	15283600	16881200	2326884	3773059.39	4377324.82	0.2423888	0.246869808	0.259301757	0.249520121
Eindhoven	753200	1188200	827600	158932.41	356122.69	241875.47	0.211009572	0.299716117	0.292261322	0.267662337
Ekaterinburg	169228	331040	62180	19957.17	15595	2428.94	0.117930662	0.047109111	0.039063043	0.068034272
Elblag	0	0	2049200	0	0	1135135			0.553940562	0.553940562
Enfidha	6704959	12901481	12303800	634252.01	1372536.22	2212603.5	0.094594465	0.106385943	0.179830906	0.126937105
Entebbe	2330401	3404376	4343195	134295.155	197786.38	243685.77	0.057627488	0.05809769	0.05610749	0.057277556
Erbil International Airport	11675102	13315263	14345395	735288.77	844425	917100	0.062979216	0.063417824	0.063929923	0.063442321
Erfurt	87999	29997	0	19525.4992	7415.925	0	0.221883194	0.247222222		0.234552708
Eskisehir Airport	0	0	308600	0	0	37879.24			0.122745431	0.122745431
Espargos	14171155	14336336	18830711	1002904.5	98480929.88	127125488.5	0.070770837	6.869323506	6.750965935	4.56368676
Essaouira	3181990	4955936	5686741	458757.249	729006.7845	830484.5653	0.144173064	0.1470977	0.146038753	0.145769839
Everrich Downtown Kinmen	83238756	142282043	92033051	288854963.5	498601798.7	331267081.4	3.470197987	3.504319928	3.599436049	3.524651321
Exeter	499800	630400	618800	123632	159628.78	167399.44	0.247362945	0.253218242	0.270522689	0.257034626
Faro Airport	9269600	22498000	28279200	1613234.83	5543924.5	6950231.42	0.174034999	0.246418548	0.245771854	0.222075134
Faroe Islands	1652827	1416644	1032916	1561252.375	1884150	1709550	0.944595154	1.330009515	1.655071661	1.30989211
Fes	29816033	43396994	47766024	4328800.416	6354075.016	6903214.68	0.145183647	0.1464174	0.144521442	0.145374163
Florence	929400	1175600	1321400	196092.92	258040.94	296203.95	0.210988724	0.219497227	0.224159187	0.218215046
Florianopolis	209800	330000	713200	25355.34	45317.88	101495.92	0.120854814	0.137326909	0.1423106	0.133497441
Fort-de-France	11465400	14410400	10737600	3223715.53	4223065.06	3328247.6	0.281169042	0.293056755	0.309961965	0.294729254
Fortaleza	1605800	1606400	1946800	193049.69	216893.76	277469.5	0.120220258	0.135018526	0.14252594	0.132588241
Frankfurt	31531264	35118552	32299621	5737342.44	5133401.22	4373164.2	0.181957261	0.146173487	0.135393669	0.154508139
Fuerteventura	40828200	44350200	43064400	6746123.71	7928785.3	7726942.06	0.165231965	0.178776765	0.179427603	0.174478778
Fukuoka	7584420	51108260	74988660	148011700	1009261600	1502011965	19.51522991	19.74752417	20.02985472	19.76420293
Fukushima	0	16920	9312	0	55510	29890		3.280732861	3.20983677	3.245284815
Fuzhou Changle	97328	1928874	1013450	94569.14905	1826845.595	961824.18	0.971654088	0.947104681	0.949059332	0.955939367
Gabon	2118800	2378000	2432000	19316562	150184595.2	223758499.7	9.116746271	63.15584321	92.00596205	54.75951718
Gaborone	50000	200000	20000	6530	26260	2500	0.1306	0.1313	0.125	0.128966667
Gaziantep Airport	2932200	2696400	3017000	362870.99	331054.61	360460.19	0.123753833	0.122776521	0.119476364	0.122002239
Gdansk	55537027	60270362	55196500	35552511.45	39918502.77	37704886.26	0.640158708	0.662323926	0.683102846	0.661861827
Geneva	40535040	45656360	43125400	10628552.75	12075810.02	11506544.83	0.262206544	0.264493491	0.266815956	0.26450533
Genoa	376200	501600	456400	80657	111981.92	103217.6	0.214399256	0.223249442	0.226156004	0.221268234
Gerona	2077400	3231600	3205200	412650.6	799281.52	933812.65	0.198638009	0.247333061	0.291343021	0.245771364
Gibraltar	26657155	28789034	24753019	373961.7083	448640.5	422136.5605	0.014028568	0.015583729	0.017053942	0.015555413
Glasgow	9769400	15693000	17536600	2265207	3666460.58	4345278.74	0.231867566	0.23363669	0.247783421	0.237762559
Glasgow Prestwick	890800	1626600	1789800	189347	355233.63	422211.59	0.212558374	0.21839028	0.235898754	0.22228247
Goa	127388	206262	733747	516009.1925	15815.2775	53668.8225	4.050689174	0.076675672	0.073143498	1.400169448
Gothenburg	0	1000	400	0	2385	938		2.385	2.345	2.365
Gran Canaria	76340000	87725800	85929200	12638040.04	14317413.57	15183533.66	0.165549385	0.163206418	0.176698185	0.168484662
Granada	93000	71400	63400	19537.5	17324.1	17718.3	0.210080645	0.242634454	0.279468454	0.244061184
Graz	241823	319176	399965	37722.7	40358.4	49498.1	0.15599302	0.126445597	0.123756079	0.135398232
Grenoble	240200	332000	315800	68028.03	104940	101884.5	0.283214113	0.316084337	0.322623496	0.307307315
Guadalajara	3547400	5269000	5016200	535803.53	881403.22	890177.96	0.151041194	0.16728093	0.17746062	0.165260914
Guangzhou Baiyun	3596813	118294493	208821709	3372463.858	111778886.4	197534846.3	0.937625575	0.944920457	0.945949764	0.942831932
Guatemala City	3771400	4402200	4652000	491480.29	604629.76	642028.18	0.130317731	0.137347181	0.138011217	0.135225376
Guayaquil	5863400	5622600	4410600	782479.94	814226.5	703386.79	0.133451571	0.144813165	0.159476441	0.145913725
Guernsey	3584514	4983117	591050	183180.12	221861.16	103981.125	0.051103196	0.044522567	0.175926106	0.09051729
Guiyang Longdongbao	0	0	1000	0	0	774.41			0.77441	0.77441
Haiphong	0	550400	260200	0	66663	29304		0.121117369	0.112621061	0.116869215
Hamburg	6653216	7523110	6695030	1172677.88	1006970.81	876293	0.176257299	0.133850337	0.130887091	0.146998242
Hangzhou Xiaoshan	948565	30218384	49579046	898513.6961	28762095.46	47493653.46	0.947234714	0.951807862	0.957938026	0.952326867
Hannover	2458690	3100834	3121590	417560.78	439097.4	402245.2	0.169830593	0.141606226	0.128859075	0.146765298
Hanoi	36746735	54416968	45866690	792174	1185270	1104851	0.02155767	0.021781258	0.024088309	0.022475746
Harare	180000	0	0	22500	0	0	0.125			0.125
Harbin Taiping	0	263211	37050	0	247412.7	34840.2		0.939978572	0.940356275	0.940167424
Hatay Airport	19400	9000	0	3150.78	1202.39	0	0.16241134	0.133598889		0.148005115
Hebei	0	0	329800	0	0	254946.88			0.773034809	0.773034809
Hefei Xinqiao	0	1539598	3432889	0	1478624.665	3263816.7		0.960396587	0.950749267	0.955572927
Helsinki-Vantaa	1171600	1342600	1186200	412469	522416	496003.74	0.352056163	0.389107701	0.418145119	0.386436328
Heraklion Airport	9383400	9655450	10714200	1524147.61	1798300.116	2056262.18	0.162430208	0.186247157	0.191919339	0.180198901
Hiroshima	0	614929	1792652	0	1603190	5562320		2.607113992	3.102844278	2.854979135
Ho Chi Minh	12246368	27620589	17611337	448069.69	990985.97	600522.39	0.036587966	0.035878524	0.034098626	0.035521705
Hohhot Baita	0	112240	1271192	0	105842.7	1201024.185		0.943003386	0.94480156	0.943902473
Hong Kong	32651170	238968499	248125510	32818191.02	252081561.9	265666912.1	1.005115315	1.054873604	1.070695682	1.043561534
Hrabrovo	103928	0	0	6715.076	0	0	0.06461277			0.06461277
Humberside	178800	352200	373200	41325.64	78872	90547.61	0.23112774	0.223940943	0.242624893	0.232564525
Hurgada	76638969	76295098	54496572	6155565.13	5828360.204	3868708.56	0.080318997	0.076392329	0.070989943	0.075900423
Hyderabad	9829103	8081924	10054275	63501587.44	768320.7743	833553.9868	6.460567912	0.095066568	0.082905429	2.212846636
Ibaraki	0	0	125737	0	0	416240			3.310401871	3.310401871
Ibiza	11915600	14571200	13640600	2380604.15	3602063.08	4059497.75	0.199788861	0.247204285	0.297604046	0.248199064
Incheon	304530900	812743800	865243423	45358409	120395578.6	133839865.6	0.148945178	0.148134724	0.154684638	0.15058818
Indira Gandhi	49939988	53540766	56731414	238751882.4	5263860.163	234030145.4	4.780775727	0.098314995	4.125230255	3.001440326
Ioannina	0	12600	10800	0	2136.5	2145.5		0.169563492	0.198657407	0.18411045
Islamabad	0	1000	0	0	110	0		0.11		0.11
Istanbul Airport	298432800	304656705	245072203	47366795.08	46314848.61	28214041.4	0.158718462	0.152023073	0.115125424	0.141955653
Istanbul Asia Airport	161920800	153883200	137843400	26701206.95	26497343.02	24870112.94	0.164902884	0.172191266	0.180422951	0.1725057
Iwate	0	0	6450	0	0	21350			3.310077519	3.310077519
Ixtapa Zihuatanejo	142000	178000	115400	22952.23	34254.21	23919	0.161635423	0.192439382	0.207270364	0.187115056
Izmir Airport	67879000	60976400	62879800	10726302.39	10248469.46	10927547.98	0.158020925	0.168072721	0.173784713	0.16662612
Jaipur	127388	206262	733747	516009.1925	15815.2775	53668.8225	4.050689174	0.076675672	0.073143498	1.400169448
Jeddah	41124400	92763200	105890678	0	46622904.9	48264795.78	0	0.5026013	0.455798345	0.319466548
Jeju	595656600	485026400	386524700	87923117.33	71447540.46	57193666.32	0.147607056	0.147306498	0.147968982	0.147627512
Jerba	28122400	33186600	36226400	4528213.91	5705544.04	6462062.26	0.161018046	0.171923127	0.178379918	0.170440364
Jerez De La Frontera	278200	251800	225200	57511.7	60729.11	62271.69	0.206727894	0.241179944	0.276517274	0.241475037
Jersey	9117200	9953000	8018800	2239139.77	2046200.9	1901450.93	0.245595114	0.205586346	0.237124125	0.229435195
Jieyang Chaoshan	0	15039	0	0	14141.9235	0		0.94034999		0.94034999
Jinan Xiaoqiang	0	1338961	2364420	0	1274244.524	2245550.395		0.951666646	0.949725681	0.950696164
Johannesburg	19316200	24886598	25506600	21196393.73	50925513.41	24319162	1.097337661	2.046302729	0.953445853	1.365695415
Johor Bahru	0	2873000	4752000	0	1694031	2836584.75		0.589638357	0.5969244	0.593281379
Jomo Kenyatta	14617026	13471782	11611702	1018285.503	1680247.603	1519459.148	0.069664342	0.124723485	0.130855851	0.10841456
Juba	2714260	2554382	2788392	199500	187750	204950	0.073500696	0.073501144	0.073501143	0.073500995
Kagoshima	0	114368	392499	0	311710	1308440		2.72550014	3.333613589	3.029556864
Kalibo	0	81400	45400	0	10951.5	7491		0.134539312	0.165	0.149769656
Kaohsiung	14067255	64720799	92374673	48912511.9	227451616.1	332882587.3	3.477047363	3.514351176	3.60361316	3.531670567
Karipur	127388	206262	733747	516009.1925	15815.2775	53668.8225	4.050689174	0.076675672	0.073143498	1.400169448
Karlsruhe Baden-Baden	25000	0	0	4250	0	0	0.17			0.17
Karpathos	26000	22600	25000	4525.5	4005	4878.78	0.174057692	0.177212389	0.1951512	0.182140427
Katima Mulilo	2904490	726122	518658	173000	43750	31250	0.059562953	0.060251583	0.060251649	0.060022062
Katowice	24924303	27868230	24843322	14245832	15427442	13498414.28	0.571563907	0.553585283	0.543341759	0.55616365
Kaunas	18314022	22071827	15246585	2758279	3206120.4	2104698	0.150610226	0.145258496	0.138043896	0.14463754
Kavala	196600	295450	339200	33372	59146	68990.84	0.169745677	0.200189541	0.203392807	0.191109341
Kayseri Airport	6693800	4614400	4627600	1182134.41	853575.98	886784.04	0.176601394	0.184980925	0.191629363	0.184403894
Kazan	92207	5893	0	6880.3	432.5	0	0.074617979	0.07339216		0.07400507
Khabarovsk	103000	0	0	13769.29	0	0	0.133682427			0.133682427
Kharkiv	421400	0	0	26353.25	0	0	0.062537375			0.062537375
Kigali	330400	575200	909600	19002.85	32922.94	47406.36	0.057514679	0.057237378	0.05211781	0.055623289
Kilimanjaro	187200	631200	476000	12030.5	175720612.4	164746250.2	0.064265491	278.3913378	346.1055677	208.187057
Kingston	999782	1496038	1748936	83706.04667	110267.2467	118781.3667	0.083724299	0.07370618	0.06791636	0.075115613
Kinshasa	751520	69600	1120000	49800	9850.24	56600	0.066265702	0.141526437	0.050535714	0.086109284
Komatsu	0	0	577846	0	0	2042530			3.534730707	3.534730707
Konya Airport	81400	447800	504200	12452.81	63780.57333	68580.69333	0.152982924	0.142430936	0.136018829	0.143810896
Kos	5807000	6551550	7777200	969223.2	1238361.527	1516803.18	0.16690601	0.189018099	0.19503204	0.18365205
Kota Kinabalu	40000	1171600	3192000	21000	715973.25	1973347.5	0.525	0.611107247	0.618216635	0.584774627
Krakow Balice	59975477	59934942	60283345	39159375.62	41458535.89	40618154.04	0.652923121	0.691725636	0.673787329	0.672812029
Kralendijk (Bonaire)	3239868	3037357	1936159	373597.15	353792.19	224037.69	0.11531246	0.116480279	0.115712444	0.115835061
Krasnodar	21889	0	0	3212.09	0	0	0.146744484			0.146744484
Krasnoyarsk	532200	1154800	730200	28545.22	72409.52	64057.3	0.053636265	0.062703083	0.087725692	0.06802168
Kristiansand	1712004	0	0	3294891	0	0	1.924581368			1.924581368
Kuala Lumpur	25435200	66534500	74148400	13562298	38712705.7	46821688.48	0.533209804	0.581844091	0.631459188	0.582171028
Kunming Wujiaba	5415059	15612766	10210642	5121310.337	14765560.69	9669151.575	0.945753377	0.945736373	0.946968033	0.946152595
Kutahya Airport	263000	340000	126600	46219.09	61687.56	23823.08	0.175737985	0.181434	0.188175987	0.181782657
Kutaisi	18889	4840316	5948784	1518.9	321438	384164.9	0.08041188	0.066408474	0.064578727	0.07046636
Kuwait	244055000	281443000	267986805	22687711.59	22896113.67	20382799.79	0.09296147	0.081352578	0.076058968	0.083457672
Kyiv	5656650	0	0	550834.81	0	0	0.097378273			0.097378273
Kyiv - Zhulyany	2826800	0	0	243728.35	0	0	0.086220585			0.086220585
La Palma	2910400	2422400	2401600	476817.42	386275.57	408452.05	0.163832264	0.159459862	0.170074971	0.164455699
La Paz El Alto	46800	0	0	6250	0	0	0.133547009			0.133547009
La Paz Manuel Marquez de Leon	326600	454000	442000	48106.88	75706.5	80517.5	0.14729602	0.166754405	0.18216629	0.165405571
La Romana	954200	1006600	930000	169316.38	187798.34	179373.05	0.177443282	0.186566998	0.192874247	0.185628176
Lagos	716000	1080000	1316200	53439	167101.33	179646.71	0.074635475	0.154723454	0.136488915	0.121949281
Lanzarote	53375600	60982600	59360200	8973920.16	10415046.73	11308404.17	0.168127762	0.170787187	0.190504819	0.176473256
Leeds Bradford	5865800	9597000	10787400	1338355	2206767.16	2644976.32	0.228162399	0.229943436	0.245191271	0.234432369
Leopold Sedar Senghar	11517200	13173800	13527653	818442	1017062711	1190736626	0.071062585	77.20344254	88.0224105	55.09897188
Liberia	407507	438299	479911	44070	47280	50905	0.108145382	0.107871567	0.106071751	0.1073629
Lille	738800	625600	506400	201347	204857.83	170695.1	0.272532485	0.327458168	0.337075632	0.312355428
Lima	13108200	15634800	16163600	1991249.41	2443963.44	2527815.72	0.151908684	0.156315619	0.156389401	0.154871235
Lisbon	16456800	18800400	19906000	3461287.57	4382225.9	4686102.37	0.210325675	0.233092163	0.235411553	0.226276464
Liverpool	8164800	14565000	18937800	1873442	3345938.03	4569464.12	0.229453508	0.229724547	0.241288012	0.233488689
Lodz	2558688	3933329	4352740	1554820.7	2403394.5	2714056.1	0.607663263	0.611033173	0.623528191	0.614074876
London City	1202600	1555800	1775400	311186.68	416202.44	537013.57	0.258761583	0.267516673	0.302474693	0.276250983
London Gatwick	38981800	48472400	45392400	9799652	12565177.87	12595499.57	0.251390444	0.259223349	0.277480362	0.262698052
London Heathrow	45080600	54181200	50166600	11600405.09	14163403.61	13932671.52	0.257325881	0.261408083	0.277728041	0.265487335
London Luton	8987000	13612200	13505600	2198188.69	3309348.74	3686721.84	0.244596494	0.243116376	0.272977272	0.253563381
London Southend Airport	86600	181400	360000	22091	48763	102234.48	0.255092379	0.268814774	0.283984667	0.269297273
London Stansted	19255200	25903200	26418600	4905017	6799214.68	7298582.7	0.254737266	0.262485511	0.276266823	0.264496533
Los Cabos	5885000	7119800	5970600	1078284.66	1440333.41	1262896.76	0.183225941	0.202299701	0.211519238	0.19901496
Luanda	1720000	180000	1094000	215000	22500	113000	0.125	0.125	0.103290676	0.117763559
Lublin	8721472	7001819	9639777	5662041.11	4206820.26	5471606.9	0.64920705	0.600818196	0.567607207	0.605877484
Lubumbashi	668018	1265000	40000	44900	177350	5600	0.067213758	0.140197628	0.14	0.115803795
Lucknow	127388	206262	733747	516009.1925	15815.2775	53668.8225	4.050689174	0.076675672	0.073143498	1.400169448
Lulea	9000	45200	20600	20985	94912.91	52691.37	2.331666667	2.099843142	2.557833495	2.329781101
Lusaka	1891249	541484	180076	115700	33970.04	16184	0.061176503	0.062735076	0.089873165	0.071261581
Luxor	987069	2056320	1453745	108946.2301	234958.9757	155346.26	0.110373469	0.114261874	0.10685936	0.110498234
Lviv	6266910	0	0	494403.15	0	0	0.078891056			0.078891056
Lyon Saint Exupery	9745000	10560200	9031600	2642133.91	3366198.61	3009451.04	0.271127133	0.318762771	0.333213499	0.307701134
Macau	11639579	38594569	37900261	10509120.18	36934010.1	37144223.03	0.902878032	0.956974286	0.980051906	0.946634741
Mactan	30800	0	0	0	0	0	0			0
Madeira	0	1000000	5061600	0	245083.8	1229318.04		0.2450838	0.242871432	0.243977616
Madrid Barajas	25340800	27508200	24049400	5352676.7	6576151.33	6246204.15	0.211227613	0.239061492	0.259723908	0.236671004
Mahon Airport	5561200	6037400	5908600	1102556.05	1497291.7	1760629.93	0.198258658	0.248002733	0.297977512	0.248079635
Makhachkala	0	0	201000	0	0	12376			0.061572139	0.061572139
Malaga	33007000	38839800	38255000	6625855.1	9564513.78	11124779.06	0.200740906	0.246255485	0.290805883	0.245934091
Male	20288137	19628208	19098247	1178504.873	1085299.395	1055186.89	0.058088373	0.055292842	0.055250458	0.056210557
Malmo	54400	462800	234600	122642	1031551.8	555378.04	2.254448529	2.228936474	2.367340324	2.283575109
Managua	942000	1679590	1482875	127118.84	256664.7	220870.2	0.13494569	0.152813901	0.148947281	0.145568957
Manama	84459749	95284990	95342442	5334000.76	9595119.44	7233156.62	0.063154352	0.10069917	0.075865024	0.079906182
Manas	221095	1083244	3531200	10966.5	70818.57	252638.81	0.04960085	0.065376379	0.071544747	0.062173992
Manchester	51653400	71519800	74622000	11915518	16741720.21	18496735.96	0.230682162	0.234085109	0.247872423	0.237546565
Mandalay	0	80800	279600	0	10744	50390		0.132970297	0.180221745	0.156596021
Mangalore	127388	206262	733747	516009.1925	15815.2775	53668.8225	4.050689174	0.076675672	0.073143498	1.400169448
Manila - Ninoy Aquino	1830000	3656400	2098200	129578.29	571359.95	346203	0.070807809	0.156262977	0.165	0.130690262
Maputo	178882	110000	0	19819	12150	0	0.110793708	0.110454545		0.110624127
Marka	36400	15400	10800	5455.82	2492.5	1705	0.149885165	0.161850649	0.15787037	0.156535395
Marrakech	117908609	169308297	210303883	17330699.14	24672817.58	30982850.77	0.146984171	0.145727162	0.147324197	0.14667851
Marsa Aalam	27049866	29112927	27469715	1637113.072	1839799.655	1437762.915	0.06052204	0.063195283	0.052339928	0.05868575
Marseille	8815200	9857600	8314200	2406540.3	3072175.5	2771373.9	0.272998945	0.311655525	0.333330194	0.305994888
Mazatlan	404245	509400	218600	63735.19	91750.9	44057.5	0.157664758	0.180115626	0.201543916	0.179774767
Medellin Jose Maria Cordova	2127614	2453536	2915373	187723.606	222647.0076	265144.3258	0.088231985	0.09074536	0.090946965	0.08997477
Medina	0	7638200	22473200	0	3702768.24	11761074.78		0.484769742	0.523337788	0.504053765
Melbourne	1829169	1838472	1115774	738028.03	855385.565	262624.565	0.403477224	0.465269835	0.235374337	0.368040465
Memmingen	48000	0	0	10695	0	0	0.2228125			0.2228125
Mendoza	395000	662000	513600	39455.5	78312.04	62676.5	0.099887342	0.118296133	0.122033684	0.11340572
Mexico City	25191000	25338600	22859800	3846077.58	4349618.55	4071581.02	0.152676654	0.171659782	0.178110964	0.167482467
Milan - Linate	1614600	1734400	1820400	342557.26	382491.73	408190.54	0.212162306	0.220532593	0.224231235	0.218975378
Milan - Malpensa	15270000	22328600	21245200	3181243.15	4857599.14	4736383.82	0.208332885	0.217550547	0.222939008	0.216274147
Min Vody	120400	336600	209600	16248.7	43967.9	26563.17	0.13495598	0.130623589	0.126732681	0.13077075
Minsk	158440	333434	170956	10740.508	6372.2	3299.4	0.067789119	0.019110829	0.019299703	0.035399883
Mitilini	163400	210670	318600	27566.24	45067.8104	64043.92	0.168704039	0.213926095	0.201016698	0.194548944
Miyazaki	0	28448	49600	0	117920	864740		4.145106862	17.43427419	10.78969053
Moi	367132	0	0	26260	0	0	0.071527407			0.071527407
Mombasa	0	443623	0	0	30702.71	0		0.069209013		0.069209013
Monastir	44431953	53966915	63024325	4209694.15	5802134.44	10836389.65	0.094744747	0.107512806	0.171939797	0.12473245
Montego Bay	12524558	16334085	15471880	2173373.71	3175447.305	3073183.675	0.173528975	0.194406194	0.198630268	0.188855146
Monterrey	778400	963600	814000	117814.82	167273.27	149980.5	0.151355113	0.17359202	0.184251229	0.169732787
Montevideo	2590000	2826600	2751600	150249	443559.22	451334.97	0.058011197	0.156923236	0.164026374	0.126320269
Montpellier	2000074	2387732	2580400	465009	633743.5	681797	0.232495898	0.265416512	0.264221439	0.254044616
Moscow - Domodedovo	4177172	1360841	594667	581997.76	164441.65	69896.44	0.139328177	0.120838254	0.117538791	0.12590174
Moscow - Sheremetyevo	6617220	2546537	5097200	739879.43	284667.8	783159.48	0.111811218	0.111786241	0.153645036	0.125747499
Moscow - Vnukovo	4154600	3178000	2798200	591964.46	452068.12	384543.25	0.142484104	0.142249251	0.13742522	0.140719525
Muan	0	0	936400	0	0	143682			0.153440837	0.153440837
Mudanjiang Hailang	0	435961	80720	0	410083.795	75982.8		0.940643303	0.941313181	0.940978242
Munich	12278400	13680400	14829400	3237779.92	3747125.79	4292386.52	0.263697218	0.273904695	0.289451125	0.275684346
Munster-Osnabruck	517005	561997	1114003	137181.2925	155177.081	321436.8173	0.265338425	0.276117276	0.288542147	0.276665949
Murcia	4395000	5650400	5144800	864553.6	1394962.08	1537882.45	0.196712992	0.246878465	0.298919773	0.247503744
Muscat	81877483	93871486	87554578	4855473.94	3971180.84	3425258.05	0.0593017	0.042304442	0.039121404	0.046909182
Mykonos	1866621	2014423	1994600	314556	387255.0102	375502.87	0.168516265	0.192241158	0.188259736	0.18300572
Nador	4599800	7166800	8418000	701600.01	1072878.65	1299219.57	0.152528373	0.149701213	0.154338272	0.152189286
Naha	133000	4444150	13374562	2837080	11075310	41100910	21.33142857	2.492109852	3.073065869	8.965534764
Nairobi	0	0	129081	0	0	8225.24			0.063721539	0.063721539
Nanchang Changbei	0	439191	131032	0	419952.105	124163.83		0.956194697	0.947584025	0.951889361
Nanjing Lukou	0	0	1001400	0	0	838305.58			0.837133593	0.837133593
Nanning Wuxu	0	1873287	5980397	0	1792173.278	5830243.74		0.956699789	0.974892426	0.965796108
Nantes	3212400	3447200	2901000	870819.2	1119970.22	990897.07	0.271080563	0.32489273	0.341570862	0.312514718
Naples	3066000	8398600	9259400	639354.67	1845348.06	2114335.66	0.208530551	0.219720913	0.22834478	0.218865415
Natal	266400	319000	298600	31917.46	43074	41653.7	0.119810285	0.135028213	0.139496651	0.13144505
Netaji Subhash Chandra Bose Int. Airport	127388	206262	733747	516009.1925	15815.2775	53668.8225	4.050689174	0.076675672	0.073143498	1.400169448
Newcastle	10547420	15081800	16583000	2298514.16	3313846.98	3855262.46	0.217921934	0.219724899	0.232482811	0.223376548
Ngurah Rai	9933770	27804446	34064190	812870	67764229078	83402179857	0.081828953	2437.172425	2448.382887	1628.545714
Niamey	958450	882194	220314	63614.88	61171	15312	0.066372664	0.069339624	0.069500803	0.068404364
Nice	7427800	8367800	7337200	2027658.13	2720403.02	2515025.6	0.272982327	0.325103733	0.342777299	0.31362112
Ningbo Lishe	201584	2772019	1463890	191917.7945	2658301.716	1400818.31	0.952048746	0.95897673	0.956915007	0.955980161
Nis	4242400	5291800	3714600	357021.18	491941	393494.34	0.084155473	0.092962886	0.10593182	0.09435006
Norwich	311000	388400	422800	74647.12	98173.28	116304.56	0.240022894	0.252763337	0.275081741	0.25595599
Nouakchott	961374	1014400	943000	746293	2437857.23	5287499.91	0.776277495	2.403250424	5.607104889	2.928877602
Novosibirsk	64134	0	10600	6825.6	0	1909.1	0.106427168		0.180103774	0.143265471
Nuernberg	2687800	2659000	252045	485432.32	558080.08	55344.84825	0.180605819	0.209883445	0.219583202	0.203357489
Nykoping	87924	34645	34000	121750	48900	54900	1.384718621	1.411459085	1.614705882	1.470294529
Odessa	586000	0	0	57783	0	0	0.098605802			0.098605802
Ohrid	1580059	1584653	1235820	171414.56	134533.03	98051.4	0.108486177	0.08489747	0.079341166	0.090908271
Oita	0	34134	25800	0	89670	546060		2.626999473	21.16511628	11.89605788
Okayama	0	567818	1223540	0	1489710	6045663.44		2.623569524	4.941124475	3.782346999
Olsztyn	2136456	2607565	1573524	1472408.1	1879730.62	1206208.8	0.689182506	0.720875844	0.766565238	0.725541196
Oranjestad	9757800	9738400	9268200	1784763.99	1985116.41	1953100.8	0.182906392	0.203844205	0.210731404	0.199160667
Orebro	0	0	34465	0	0	48900			1.418830698	1.418830698
Osaka - Kansai	29609363	215451023	402162262	484793150	3678742604	7363018021	16.3729679	17.07461191	18.30857521	17.25205168
Oslo	30096888	31080395	29335598	63189031.52	49083118.13	44718644.55	2.099520439	1.579230834	1.524381557	1.73437761
Ostrava	118800	310400	284200	517020.48	1551824	1646127	4.352024242	4.99943299	5.792142857	5.047866696
Ouarzazate	755461	1421254	1374054	95197.82326	207497.0201	196409.1654	0.126012889	0.145995733	0.142941373	0.138316665
Oujda	15410031	21447267	24313379	2277419.051	3148548.602	3583054.57	0.14778809	0.146804187	0.147369667	0.147320648
PRISTINA	20916176	26165782	26488178	2341241.44	2131537.32	2026690	0.111934487	0.081462779	0.076513001	0.089970089
Paderborn	452500	497100	498300	89789.38	95182.56	114028.44	0.198429569	0.191475679	0.228834919	0.206246722
Palermo	0	1395600	1731600	0	315213.34	408686.64		0.225862238	0.236016771	0.230939505
Palma De Mallorca	31854000	38739400	37850800	6356379.75	9544979.26	11125978.35	0.199547302	0.246389445	0.293943017	0.246626588
Pamandzi	12952164	14355847	12686782	1390036.965	1782969.082	1820801.43	0.107320828	0.124198111	0.143519565	0.125012835
Panama Tocumen	9394848	9595357	8754964	1142963.14	1314325.7	1203018.5	0.121658503	0.136975175	0.137409874	0.132014517
Paramaribo	5349382	3303655	5320244	564819.025	334676.185	540320.0967	0.105585846	0.101304823	0.10155927	0.102816646
Paris Charles De Gaulle	76512400	79376600	70375200	20901504.72	25451307.64	23481566.18	0.273178004	0.320639932	0.333662514	0.30916015
Paris Orly	61309400	55308600	45179200	16255677.29	17457921	14839422.38	0.26514168	0.315645686	0.328456953	0.30308144
Penang	658600	1983600	2020800	350112.75	1164222.25	1231363	0.531601503	0.586923901	0.609344319	0.575956574
Pengsheng	0	0	3048400	0	0	3338908.67			1.095298737	1.095298737
Perth	511010	853065	902475	228128.15	554073.9125	631679.9288	0.446425999	0.649509607	0.699941748	0.598625785
Phnom Penh	3610020	10828855	12052500	276128.37	1862929.77	1699196.77	0.076489429	0.172033864	0.140982931	0.129835408
Phu Quok	448727	1421847	1149083	23669	79254	110467	0.052746993	0.055740175	0.096134918	0.068207362
Piarco	2573554	2327200	1259530	401249.93	490095.88	315694.78	0.155912769	0.210594655	0.250644907	0.205717444
Pisa	1741800	2145400	2231000	369485.84	472957.28	504273.31	0.21212874	0.220451795	0.22603017	0.219536902
Podgorica	4357500	4512500	5660000	643125	684693.75	873750	0.147590361	0.151732687	0.154372792	0.151231947
Pointe-a-Pitre	15996200	14871400	12857000	4426761.91	4320183.18	3872110.72	0.276738345	0.290502789	0.301167513	0.289469549
Port Louis	18150001	45986997	29835800	3335368.314	8498720.825	5591212.862	0.183766839	0.184807041	0.187399462	0.185324447
Port-au-Prince (Haiti)	1041385	821097	514865	96748	75369	46913	0.092903201	0.091790617	0.091117089	0.091936969
Porto	6830200	13046800	14948800	1409248.96	3009878.25	3470637.28	0.206326163	0.230698581	0.232168286	0.223064344
Porto Alegre	130600	257200	84000	15559.6	33421.5	11276.5	0.119139357	0.129943624	0.134244048	0.127775676
Poznan-Lawica	13177241	15194652	17987353	7550240	8433267	9975947	0.572975785	0.555015475	0.554608952	0.560866737
Prague	13082600	14563600	16120800	52850298.5	78515593.69	97876201.8	4.039739692	5.391221517	6.071423366	5.167461525
Praia	2181425	2505541	3393631	182465.5	25610051.5	28766995.94	0.083645094	10.22136596	8.476760125	6.260590395
Providenciales (Turks and Caicos)	91743	0	0	7000	0	0	0.076300099			0.076300099
Puerto Plata	2523800	2655200	2760600	468942.63	541185.02	582599.51	0.185808158	0.203820812	0.211040901	0.20022329
Puerto Vallarta	7116000	8117200	7739600	1305709.26	1640669.14	1643818.38	0.183489216	0.202122547	0.212390612	0.199334125
Pula	321000	397558	0	44940	54096	0	0.14	0.136070712		0.138035356
Punta Cana - Higuey	52980800	52623800	42670000	9423457.46	9509948.117	7930281.67	0.177865518	0.180715724	0.185851457	0.181477566
Punta del Este	9000	8600	0	1364	1366	0	0.151555556	0.158837209		0.155196382
Qingdao Liuting	830095	11357449	13900411	779400.6374	10697627.09	13139882.38	0.938929445	0.941904039	0.945287329	0.942040271
Quanzhou	0	56200	219000	0	39398	156354.62		0.701032028	0.713948037	0.707490032
Queenstown	427982	164609	20576	70200	27000	3375	0.16402559	0.164025053	0.16402605	0.164025564
Queretaro	120809	92004	15000	12234.63	15104.76	2721.42	0.101272505	0.164175036	0.181428	0.148958513
Quito	3715000	5185400	4801400	507188.0767	756614.16	704935.14	0.136524381	0.1459124	0.146818665	0.143085149
RIYADH	73860600	118986000	145575400	0	54058925.08	75324497.36	0	0.454330132	0.517426003	0.323918712
Rabat	22784222	30564899	38644264	3318317.774	4458261.126	5689512.478	0.145641039	0.145862125	0.147227865	0.146243677
Rabil	4868654	7190174	9217579	340738	31895424.32	35409079.28	0.069986078	4.435973917	3.841472829	2.782477608
Radom	0	20771	31283	0	11708	18805		0.563670502	0.601125212	0.582397857
Ramon	121000	348400	0	34197.9	99063.2	0	0.282627273	0.284337543		0.283482408
Ras El Khaymah	14170416	16524954	19352796	1437106.04	1681899.43	1963836.78	0.101415939	0.101779371	0.10147561	0.101556973
Recife	473600	237600	447600	56465.26	32456.5	64246.06	0.119225633	0.136601431	0.14353454	0.133120535
Reus	3736600	4519000	4749000	719453.35	1124346.16	1425822.95	0.192542244	0.248804196	0.30023646	0.2471943
Rhodes	12221200	13481474	15541200	1993557.43	2602447.952	2976586.29	0.163122887	0.193038829	0.191528729	0.182563482
Riga	45631100	56600437	55692582	6049475.16	6122239.18	5697678.86	0.132573511	0.108165935	0.102305884	0.114348444
Rio de Janeiro	9155000	11129200	12723600	1125160.17	1532041.1	1807482.53	0.122901165	0.137659589	0.142057478	0.134206078
Roland Garros	38567800	40431400	36392400	5385078	9251227.49	9107861.61	0.139626269	0.22881294	0.250268232	0.206235813
Rome Fiumicino	18772200	27018800	28144600	3933637.42	5963510.88	6453175.57	0.209545893	0.220717089	0.229286455	0.219849813
Rosario	40800	58600	36800	4087	7013	4586	0.100171569	0.119675768	0.124619565	0.114822301
Rostov Don	207000	0	0	28180.74	0	0	0.136138841			0.136138841
Rotterdam	434400	512800	458000	91948.41	155978.47	136986.86	0.21166761	0.304170183	0.299097948	0.271645247
Rzeszow	12912513	12918583	12555178	7383163	7188997	6848247.94	0.571783587	0.556484949	0.545452079	0.557906872
Salalah	13696849	22288942	27119717	1546119.06	1617807.02	1990469.73	0.112881369	0.072583392	0.073395667	0.086286809
Salvador	90000	678000	992600	10438.64	92205.81	139861.47	0.115984889	0.13599677	0.140904161	0.13096194
Salzburg	914215	1266955	1295114	174222.6	183794.3	188316.4	0.190570708	0.145067741	0.145405269	0.160347906
Samana El Catey	197600	367000	288200	34868.98	70470.99	58265.32	0.176462449	0.192019046	0.202169743	0.19021708
Samara	81652	63911	41806	27158.96	85182.35	48461.5	0.332618429	1.332827682	1.159199636	0.941548583
Samarkand	0	101640	0	0	10373.3	0		0.102059229		0.102059229
Samos	46000	64024	52400	7597.5	12669.95	10385.05	0.165163043	0.197893759	0.198187977	0.187081593
Samsun Airport	2401200	2455600	2705000	296248.58	304504.97	332124.1	0.123375221	0.124004304	0.122781553	0.123387026
San Jose	3346526	4350537	1714922	361911	466630	182525	0.108145283	0.107258024	0.106433412	0.107278906
San Salvador Comalapa	4930625	6419324	6174164	590281.49	823107.96	790413.77	0.119717377	0.128223464	0.128019562	0.125320134
Sandefjord-Torp	5512279	9145802	7872584	7352727.12	13201485.81	12126881.95	1.333881525	1.443447585	1.5403941	1.43924107
Santa Cruz Viru Viru	269200	0	0	36234	0	0	0.134598811			0.134598811
Santander	444000	669200	551600	91761.8	160689.5	142938.61	0.206670721	0.240121787	0.259134536	0.235309015
Santiago Arturo Merino Benitez	15013000	18035000	15250800	2622535.43	3400363.14	2901161.07	0.174684302	0.188542453	0.190230091	0.184485615
Santiago Cibao	4089800	5038600	4596200	741568.96	992845.75	930789.9	0.181321571	0.19704794	0.202512924	0.193627478
Santiago De Compostela	1485200	1695800	1333400	313516.75	401285.72	335566.39	0.21109396	0.236635051	0.251662209	0.233130407
Santo Domingo Las Americas	8916200	11171400	10653800	1638822.56	2167828.65	2133789.16	0.183802804	0.194051654	0.200284327	0.192712928
Santorini	2281400	3126625	3864400	382637.69	629605.67	777935.75	0.167720562	0.201369102	0.201308288	0.190132651
Sanya Fenghuang	0	2039456	719460	0	1908950.012	673992.3		0.936009412	0.936803019	0.936406215
Sao Paulo - Guarulhos	17428600	18250000	17350000	2148719.04	2541422.44	2486879.13	0.123286956	0.139256024	0.143335973	0.135292984
Sarajevo	11331808	6214084	11523269	924218.54	522375.39	931619.125	0.081559672	0.084063136	0.080846774	0.082156527
Sardar Vallabh Bhai Patel	127388	206262	733747	516009.1925	15815.2775	53668.8225	4.050689174	0.076675672	0.073143498	1.400169448
Sendai	0	871922	1995946	0	2268760	6309050		2.60202174	3.16093221	2.881476975
Seoul	3363800	36691600	37479200	502321	5413937.99	5692942.64	0.149331411	0.147552519	0.151896055	0.149593328
Sevilla	2430000	3074200	2950200	505958.85	745985.28	810106.59	0.208213519	0.24265997	0.274593787	0.241822425
Sfax	1778200	2800400	2360600	290281.07	491418.55	425675.61	0.163244331	0.175481556	0.180325176	0.173017021
Shandong	0	88899	0	0	87270.81695	0		0.981685024		0.981685024
Shanghai Hongqiao	0	44479675	57126642	0	44464359.69	57479310.84		0.999655678	1.006173457	1.002914567
Shanghai Pudong	59623438	425497118	521222825	59995161.32	425370583.6	526874085.9	1.006234517	0.99970262	1.010842313	1.00559315
Shannon	8410546	9010340	9428914	240958.08	435450.2698	398917.757	0.028649517	0.04832784	0.042307922	0.03976176
Sharjah	61051000	65261800	67490200	7990971.78	9010172.81	30548400.82	0.130890105	0.138061972	0.452634617	0.240528898
Sharm El Sheikh	17775545	15905593	13622771	2192467.37	1988175.95	1503079.795	0.123341781	0.124998543	0.110335834	0.119558719
Shenyang Taoxian	780739	8930783	12647130	724945.8664	8431363.442	11867305.69	0.928538047	0.944078861	0.93833982	0.936985576
Shenzhen Bao'an	0	5466453	0	0	5390473.475	0		0.986100763		0.986100763
Shizuoka	0	186043	976731	0	499590	3060230		2.685346936	3.133134916	2.909240926
Shymkent	257600	7600	0	31006.24	311	0	0.120365839	0.040921053		0.080643446
Siem Reap	366290	1331620	0	38607.33	173967.33	0	0.105400994	0.130643374		0.118022184
Sierra Leone	0	212000	6776800	0	16744.87	533232.72		0.078985236	0.078685031	0.078835134
Sihanoukville	37920	32550	68450	3150.92	5165.42	9923.57	0.083093882	0.158691859	0.144975457	0.128920399
Singapore - Changi	66754440	75368360	136641623	12365591.2	15189596.4	14845864.2	0.185239981	0.201538104	0.108648184	0.16514209
Skiathos	1072000	1562475	1804800	181047.54	317635.5	376271.75	0.168887631	0.203289973	0.208483904	0.193553836
Skopje	19502629	24113015	25322837	1970248.14	2015880.46	1721237.5	0.101024746	0.083601344	0.067971748	0.084199279
Sochi	419800	815600	933200	58899.97	125433.04	130214.74	0.140304836	0.153792349	0.139535727	0.144544304
Soekarno Hatta	4657799	11405061	10858521	581327	159203842.2	38040334.97	0.124807232	13.95905223	3.503270378	5.862376613
Sofia	4596319	43646242	41460303	372797.2	4460897.06	5112357.32	0.081107773	0.102205754	0.123307283	0.102206937
Southampton	1593200	2215400	2227600	391011	555742.39	598096.48	0.245424931	0.250854198	0.268493661	0.254924263
Split	1169000	2387995	2338260	163660	325388	293776	0.14	0.136259917	0.125638723	0.133966213
St. George's Point Saline	348400	359800	396200	52080.85	65161.14	73763.42	0.149485792	0.18110378	0.186177234	0.172255602
St. Maarten Princess Juliana	0	793998	2920076	0	123309.3968	441696.0748		0.155301899	0.151261842	0.15328187
St. Petersburg Pulkovo	1426600	1117400	1214200	202186.32	178762.4	179444.23	0.141726006	0.159980669	0.147788033	0.14983157
Stavanger	10703515	9194636	8809603	21975557	14795752.75	13421529.49	2.053115916	1.609172212	1.523511274	1.728599801
Stockholm Arlanda	1697400	10763400	8929200	3780712	23873655.38	21858147.01	2.227354778	2.218040339	2.44794013	2.297778416
Strasbourg	91800	127000	141600	28572.5	42560.8	49508.9	0.311247277	0.335124409	0.349639124	0.332003603
Stuttgart	2582400	3208800	3584600	629519.68	783262.15	875771.85	0.24377311	0.244098152	0.244315084	0.244062115
Suleymania Airport	7412052	4459794	5942204	625100	371527.5	503150	0.08433562	0.083305978	0.084673969	0.084105189
Sydney	452852	505680	1178237	104976	87355	161947.66	0.231810834	0.172747587	0.137449138	0.180669187
Szczecin	5640449	5321459	4895567	3934170.4	3947816.25	3900459	0.697492416	0.741867268	0.79673284	0.745364175
Taichung	0	9415557	18406625	0	33084501.25	66253459.95		3.513812433	3.599435527	3.55662398
Taipei - Taoyuan	149703076	846447836	1142925828	520289352	2975073952	4118650599	3.47547536	3.514775306	3.603602699	3.531284455
Taiyuan Wusu	0	0	1615580	0	0	1508052.085			0.93344315	0.93344315
Takamatsu	15091	676391	847589	51640	1895520	2660440	3.421907097	2.802402752	3.138832618	3.121047489
Tangier	19241011	30412721	39789696	2786190.733	4269956.1	5557492.848	0.144804799	0.140400331	0.139671659	0.141625596
Tarbes - Lourdes	97800	165400	195200	28253.74	52449.4	67480.2	0.288893047	0.317106409	0.345697746	0.317232401
Tashkent	5161135	5801781	6030486	498148.262	442064.529	436875.5	0.09651913	0.076194625	0.072444493	0.081719416
Tbilisi	11437858	12228365	13865716	1166010.77	1122403.25	1279559.9	0.101943106	0.091786862	0.092282281	0.095337416
Tegucigalpa	173847	0	0	16320	0	0	0.093875649			0.093875649
Tel-Aviv	359523486	388780600	329713657	96282958.86	107037503.1	95495238.12	0.267807146	0.275315957	0.289630824	0.277584643
Tenerife	119217200	140237600	136513600	19948788.22	23245820.33	24852756.4	0.167331461	0.165760255	0.182053337	0.171715017
Thessaloniki	5673020	6940222	5734804	877652.5	1148365.009	991784.762	0.1547064	0.165465169	0.172941353	0.164370974
Tirana	37514000	67217800	130243800	4814459.07	8634704.15	16756531.61	0.128337662	0.128458595	0.128655119	0.128483792
Togo	6031334	7875429	7664984	659041.2	683492.175	711623.5155	0.109269558	0.086787929	0.092840835	0.096299441
Tokyo - Haneda	42522969	217979762	344876774	160442950	580095230	862730550	3.77308908	2.661234349	2.501561761	2.978628397
Tokyo - Narita	97668131	281347107	424963273	1181000233	3323028743	5258192230	12.09197126	11.81113528	12.37328627	12.09213094
Torino	637473	917298	937007	139474.7	148785.2	144031.92	0.21879311	0.162199416	0.153714882	0.178235802
Toulouse	3242400	4694400	3883600	782664.31	1427512.37	1303029.01	0.241384255	0.304088354	0.335520911	0.293664507
Tozeur	4400	135600	561000	596	23809.28	94187.9	0.135454545	0.175584661	0.16789287	0.159644025
Trabzon Airport	405000	3731800	4085200	57339.02	501058.5567	552204.88	0.141577827	0.134267259	0.135172055	0.137005714
Treviso	331200	367400	306000	70310.83	82468.8	72538.69	0.212291153	0.224465977	0.237054542	0.224603891
Trichy	127388	206262	733747	516009.1925	15815.2775	53668.8225	4.050689174	0.076675672	0.073143498	1.400169448
Trondheim	3310772	2777701	2605242	6652750	4130812.44	3866221.42	2.009425596	1.487133583	1.484016233	1.660191804
Tulear	66666	1237099	502001	3900	70335	62976.375	0.058500585	0.056854787	0.125450696	0.080268689
Tunis	72646600	84265600	83730000	11597798.63	14643972.49	14936304.52	0.159646819	0.173783519	0.178386534	0.170605624
Tuzla	12865350	16491495	6667555	1027346	1356060.66	532491.57	0.079853716	0.082227879	0.079863094	0.08064823
Ufa	23418	0	0	2625.9896	0	0	0.11213552			0.11213552
Ulaanbaatar	2437800	4080200	2904400	94064.55	119467	76728	0.038585836	0.029279692	0.026417849	0.031427792
Umea	2600	18600	8800	6109	40507.19	23442	2.349615385	2.177805914	2.663863636	2.397094978
Urumchi Diwobao	0	9287553	18733573	0	8765656.28	17584737.77		0.943806865	0.93867506	0.941240963
Valencia	3679800	4375400	4235600	769613.9	1049331.6	1145703.52	0.209145579	0.239825296	0.270493795	0.239821557
Varna	3281677	3988826	2555006	458224.64	745591.9309	496144.78	0.139631243	0.186920144	0.194185368	0.173578918
Vaxjo	127842	138482	19265	170150	195600	30195	1.330939754	1.412457937	1.567350117	1.436915936
Venice	5343200	7615800	7045600	1128885.77	1684281.1	1627419.19	0.211275223	0.221156162	0.230983761	0.221138382
Verona	2138400	2850600	2828400	442962.59	625228.72	634793.27	0.207146741	0.219332323	0.224435465	0.21697151
Vienna	11308589	12180612	10987469	1898584	1633224.5	1454364.4	0.167888673	0.134083944	0.132365734	0.14477945
Vientiane	2899400	11074400	16159551	67411	188896	275322	0.023249983	0.017056996	0.017037726	0.019114902
Vigo	0	0	113800	0	0	29111.44			0.255812302	0.255812302
Vilnius	30705097	21102324	19250875	4621342.4	2909444.2	2492256	0.150507338	0.137873165	0.12946196	0.139280821
Viracopos	673800	1038000	1104800	83181.99	142274.98	156563.39	0.123452048	0.137066455	0.141711975	0.134076826
Vladivostok	22800	0	0	126950	0	0	5.567982456			5.567982456
Volgograd	136200	641600	455200	6263.25	36647.01	32264.3	0.045985683	0.057118158	0.070879394	0.057994411
Voronezh	52200	0	0	2896.8	0	0	0.055494253			0.055494253
Warsaw	46530786	52269048	53484403	28095242.55	32850105.59	34467450.72	0.603799011	0.628481039	0.64443929	0.625573113
Warsaw-Modlin	18852886	18368223	12608859	10922178.3	10646430.7	7901846.8	0.579337206	0.579611359	0.626690076	0.59521288
Weihai Dashuibo	0	604772	848226	0	585244.3463	817157.613		0.967710718	0.963372513	0.965541615
Wellington	184362	1646917	0	30240	269584	0	0.164025124	0.163690095		0.16385761
Wenzhou Longwan	102804	1880654	3043745	97812.9866	1790050.518	2890949.9	0.951451175	0.951823418	0.949800295	0.951024963
Windhoek	1902695	2178368	2843073	117450	116950	152541.2	0.061728233	0.05368698	0.053653635	0.056356283
Wroclaw	19664551	26345251	25462292	11214310	14423557	13721090.4	0.570280501	0.547482239	0.538878841	0.55221386
Wuhan Tianhe	2712576	5313312	8994270	2578133.591	5053485.916	8549625.57	0.950437367	0.951099035	0.950563589	0.950699997
Wuxi Shuofang	0	1237841	2399276	0	1177848.965	2293712.52		0.951534943	0.956001944	0.953768443
Xiamen Gaoqi	3589998	21170417	21034327	3393257.258	20058038.83	19978185.55	0.945197534	0.94745601	0.949789625	0.947481057
Xian Xianyang	2429300	13196572	12522381	2271715.317	12540797.1	11801368.41	0.93513165	0.950307178	0.942422085	0.942620304
Xuzhou Guanyin	0	31760	108454	0	30661.45	104015.055		0.965410894	0.959070712	0.962240803
Yancheng Nanyang	0	0	2910	0	0	2786.8			0.95766323	0.95766323
Yangon	0	835817	566981	0	61133.71	45992.85		0.073142458	0.081118856	0.077130657
Yangyang	0	379800	50000	0	58484	7577		0.153986309	0.15154	0.152763154
Yanji Zhaoyangchuan	122725	4476826	1265790	113964.5075	4220937.807	1189991.15	0.928616887	0.942841604	0.940117358	0.93719195
Yantai Penglai	1401752	2477093	2635715	1307109.749	2332128.209	2467904.795	0.932482885	0.941477857	0.936332189	0.93676431
Yaounde	157200	0	0	18144	0	0	0.115419847			0.115419847
Yerevan	45566800	27945600	392800	2548454.53	950866657.6	20113749.83	0.05592788	34.02563042	51.20608409	28.42921413
Yinchuan Hedong	0	286552	823473	0	273159.53	782262.905		0.953263387	0.949955742	0.951609565
Yingsheng	0	580800	0	0	600049.05	0		1.033142304		1.033142304
Zadar	80400	235120	0	11256	32200	0	0.14	0.136951344		0.138475672
Zagreb	883800	1305800	1880200	159391.6	243371.8	351137.7	0.180348043	0.186377546	0.186755505	0.184493698
Zakynthos	7127400	7134948	8263600	1195637.66	1391440.765	1669400.75	0.167752288	0.195017646	0.202018581	0.188262839
Zanzibar	410000	6809600	8944000	48450	847861.6	1165368.22	0.118170732	0.124509751	0.130296089	0.124325524
Zaporizhya	146002	0	0	8386	0	0	0.057437569			0.057437569
Zhengzhou Xinzheng	42936	1230055	5301429	40227.20025	1156175.378	4988332.612	0.936910757	0.939937952	0.940941133	0.939263281
Zia	6608270	5705744	5111452	314592.1875	280452.5161	250617.844	0.047605831	0.049152664	0.049030656	0.048596384
Zurich	66805480	74824640	67003600	17601991.55	21382005.04	18276252.21	0.263481253	0.285761549	0.272765228	0.274002676